38641
37177
76809
62040
85819
55854
82973
72803
49242
65104
46855
89950
89931
76082
87831
88306
73980
89991
42882
30493
50915
43328
40139
35637
53517
51377
48879
30120
52304
47440
40986
34120
90185
92689
62800
61592
35688
86455
44698
80269
41852
31682
73657
89519
71270
48829
48810
34961
46710
46929
32603
48870
67297
54908
75074
67743
64298
60052
77932
75536
73038
54279
76719
71855
65401
58535
49064
51568
87215
85751
60103
45078
68857
39148
66267
55841
32280
48142
30149
72988
72969
59376
71125
71344
57018
73029
91455
79323
33953
91901
88713
84211
36811
34415
31917
78694
35342
30478
89816
82694
73223
75983
45838
44374
84262
69493
93015
63307
90425
80256
56695
72557
54308
31867
31848
83535
29748
29967
81177
31908
50334
37946
58112
50524
47592
42834
60970
58830
56076
37573
59757
54893
48439
41573
32102
34606
70253
68789
43141
28372
51894
87722
49304
39135
81110
31436
78723
56282
56263
42414
54163
54382
40056
56067
74493
62361
82527
74939
71751
67249
85385
82989
80491
61732
84172
79308
72854
65988
56517
59021
29132
92947
67556
52531
76053
46345
73463
63294
39733
55595
37602
80441
80422
66573
78322
78797
64471
80482
33116
86520
41406
33562
30630
91407
44264
41868
39370
86147
42795
37931
31477
90146
80676
83436
53291
51826
91714
76946
34932
70760
32086
87709
64148
80010
61761
39320
39301
90987
36945
37420
88630
39361
57531
45143
65565
57977
54789
50286
68423
66283
63529
45026
67210
62346
55636
49025
39555
42059
77706
76241
50593
35569
59347
29639
56501
46332
88307
38889
86176
63479
63716
49866
61360
61835
47509
63520
81690
69558
89979
82392
79204
74701
92837
90441
87944
69185
91624
86761
80051
73440
63970
66474
36585
34864
74752
59728
83506
53798
80660
70491
46930
63048
44799
87638
87875
74025
85519
86250
71668
87935
40569
28181
48858
41015
38083
33324
51460
49320
46823
93599
50247
45384
38674
32063
88129
90632
60744
59279
33631
84143
42385
78213
39539
29370
71345
87463
68958
46517
46754
32904
44398
44873
30291
46814
64984
52596
73017
65430
62242
57739
75875
73479
70982
52222
74662
69799
63089
56478
47008
49511
85159
83694
58046
42766
66800
37092
63954
53529
29968
46086
93372
70676
70913
57319
68813
69288
54706
70973
89143
77011
31896
89589
86657
82154
34754
32358
29861
76381
33285
28422
87504
80637
71167
73926
43782
42317
82205
67181
90958
61251
88113
77944
54383
70501
51995
29555
29792
81478
92971
93446
78865
29852
48022
35634
56055
48212
45536
40777
58913
56773
54020
35260
57700
52837
46127
39260
29790
32549
68197
66732
41084
91595
49837
85666
46992
36823
78798
29380
76410
53970
54207
40357
51850
52325
37744
54011
72181
60049
80214
72627
69695
65192
83328
80932
78435
59419
82115
77252
70542
63675
54205
56964
92611
90890
65499
50218
73996
44289
71407
60982
37421
53539
35289
78129
78366
64516
76265
76740
62159
78170
30804
84464
39093
31250
28574
89351
42207
39811
37314
83834
40738
35875
29421
87834
78364
81379
51234
49769
89658
74633
32875
68704
30030
85397
61836
77954
59448
37008
37245
88931
34888
35363
86318
37049
55219
43087
63252
55665
52733
48230
66366
64226
61473
42713
65153
60290
53580
46713
37243
40002
75649
74184
48537
33512
57290
93118
54445
44020
86251
36833
83863
61423
61660
47810
59303
59778
45197
61208
79378
67502
87667
80080
76892
72645
90780
88385
85888
66872
89568
84705
77995
71128
61658
64417
34528
32807
72696
57671
81449
51741
78604
68179
44874
60992
42486
85582
85819
71969
83462
84193
69612
85623
38257
91660
46546
38703
35771
31268
49403
47264
44767
91286
48191
43328
36618
29751
85817
88576
58687
57222
31319
82086
40328
76156
37483
92593
69289
85407
66645
44461
44698
30848
42341
42816
28235
44502
62672
50539
70705
63118
59930
55683
73562
71423
68926
49909
72606
67743
61033
54166
44696
47455
83102
81637
55734
40709
64743
35035
61898
51216
93447
44030
91059
68620
68857
55263
66756
67231
52650
68661
86831
74954
29584
87533
84345
80098
32441
30046
93340
74068
31229
91901
85448
78325
68855
71870
41725
40260
79893
65124
88902
59194
86057
75631
52326
68189
49682
93034
93015
79422
90914
91389
76809
93075
45710
33577
53999
46156
43224
38721
56600
54461
51963
32947
55388
50524
44071
36948
93013
30493
65884
64675
38772
89539
47781
83609
44936
34510
76741
92603
74097
51913
51894
38301
49793
50012
35688
51698
70125
57992
78158
70571
67383
63136
81015
78620
76122
57106
79803
74939
68486
61363
51892
54908
90298
88834
63187
48162
71940
42232
69351
58669
35364
51226
32976
76072
76053
62460
74208
74427
60103
75857
28748
82407
37037
29194
91797
87295
39894
37499
35001
81521
38426
33562
92900
85522
76051
79323
48921
47713
87346
72577
30819
66391
93509
83084
59779
75641
57135
34951
34932
86619
32831
33050
84262
34736
53163
41030
61196
53609
50420
45918
64053
61914
59160
40400
62841
57977
51523
44401
34930
37946
73336
72128
46225
31456
55234
90805
52388
41963
84194
34520
81550
59366
59347
45498
57246
57465
43141
58895
77322
65445
85611
78024
74579
70333
88468
86073
83575
64559
87256
82392
75938
68816
59345
62361
32215
30751
70640
55615
79393
49428
76547
66122
42817
58679
40429
83525
83506
69657
81405
81880
67556
83310
36201
89604
44490
36647
33458
28956
47091
44952
42454
88974
45879
41015
34561
92974
83504
86520
56374
55166
29263
80030
38272
73843
35426
90536
67232
83094
64588
42404
42385
28536
40028
40503
91714
42189
60616
48483
68649
61062
57617
53371
71250
69111
66613
47853
70294
65430
58976
51853
42383
45143
80789
79581
53678
38653
62687
32722
59841
49159
91390
41717
89003
66563
66800
52951
64443
64918
50593
66348
84775
72898
93063
85477
82032
77786
30129
93269
91027
72012
28917
89589
83391
76268
66798
69558
39412
38204
77837
62812
86846
56881
84000
73574
50013
65876
47626
90977
90958
77110
88602
89077
74752
90762
43654
31521
51942
44100
40911
36409
54288
52148
49650
30891
53076
48212
42014
34891
90956
28181
63571
62619
36716
87227
45725
81296
42879
32453
74428
90290
72041
49856
49837
35989
47481
47700
33631
49641
68069
55936
76101
68515
65070
60824
78703
76307
73809
55050
77491
72627
66429
59306
49835
52596
87986
86778
61131
45850
69884
40175
67294
56612
33051
48913
30920
74015
73996
60148
71896
72115
58046
73800
92227
80351
34980
92673
89485
84983
37582
35186
32688
79465
36114
31250
90843
83465
73994
77011
46609
45401
85290
70265
28507
64334
91452
81027
57466
73328
55079
32894
32875
84307
30519
30738
82205
32679
51106
38974
59139
51552
48364
43606
61741
59601
56847
38344
60529
55665
49466
42344
32873
35634
71024
69816
44169
29144
52922
88749
50331
39906
81881
32207
79494
57309
57290
43186
54934
55153
41084
56838
75265
63389
83554
75967
72523
68021
86156
83760
81262
62503
84944
80080
73881
66759
57288
60049
29903
28439
68584
53303
77081
47372
74490
64065
40504
56366
38373
81468
81449
67345
79093
79568
65499
81253
34144
87548
42433
34590
31402
92179
45035
42639
40141
86918
43567
38703
32504
90917
81447
84464
54062
52854
92742
77718
35960
71787
33113
88480
64919
80781
62532
40347
40328
91759
37716
38191
89658
40132
58559
46171
66592
59005
55561
51058
69194
67054
64300
45797
67982
63118
56663
49796
40326
43087
78477
77269
51621
36341
60375
30666
57528
47103
89078
39660
86947
64506
64743
50638
62131
62606
48537
64291
82718
70586
91006
83420
79976
75473
93608
91212
88715
69956
92396
87533
81078
74211
64741
67502
37356
35892
75780
60500
84534
54825
81687
71262
47701
63819
45570
88665
88902
74797
86290
87021
72696
88706
41597
29209
49885
42043
38855
34096
52231
50091
47594
28835
51019
46156
39701
32834
88900
91660
61515
60307
34659
84915
43413
79240
40566
30141
72116
88234
69985
47544
47781
33676
45169
45644
31319
47585
66012
53624
74044
66458
63014
58511
76646
74250
71753
52994
75434
70571
64116
57249
47779
50539
85930
84466
59074
43538
67572
38119
64981
54300
30739
46857
28864
71703
71940
58091
69584
70059
55734
71744
90170
78039
32923
90616
87429
82926
35525
33129
30632
77409
34057
29194
88531
81408
71938
74954
44553
43089
83233
67953
91730
62278
89140
78715
55154
71272
53023
30582
30819
82250
28207
28682
79893
30623
49049
36662
57082
49239
46308
41549
59684
57544
54791
36288
58472
53609
47154
40287
30817
33577
68968
67504
42112
92367
50609
86693
48019
37594
79569
30151
77438
54997
55234
41129
52622
53097
38772
54782
73208
61077
81241
73654
70467
65964
84099
81703
79206
60447
82887
78024
71569
64702
55232
57992
93382
91662
66527
50990
74768
45316
72178
61753
38192
54310
36317
79156
79393
65288
77037
77512
63187
78941
31831
85236
40120
32277
29346
90122
42978
40582
38085
84862
41510
36647
30448
88861
79391
82407
52005
50541
90685
75405
33647
69731
30801
86168
62607
78725
60476
38035
38272
89703
35660
36135
87346
37820
56246
43859
64279
56692
53505
49001
67137
64997
62244
43741
65925
61062
54607
47740
38270
41030
76420
74956
49564
34284
58062
28610
55216
44791
87022
37604
84891
62194
62687
48582
60075
60550
46225
61979
80405
68274
88694
81107
77920
73416
91551
89156
86659
67900
90339
85477
79022
72155
62685
65445
35299
33579
73723
58443
82221
52769
79375
68950
45645
61763
43514
86353
86846
72741
84234
84965
70640
86394
39284
92432
47573
39730
36799
32039
50174
48035
45538
92314
48962
44100
37645
30778
86844
89604
59458
57994
32346
82858
41100
77184
38254
93364
70060
86178
67673
45232
45725
31620
43113
43588
29263
45273
63699
51311
71732
64145
60958
56454
74333
72194
69697
50937
73377
68515
62060
55193
45723
48483
83873
82409
56761
41481
65515
36063
62669
51987
28683
44801
92087
69391
69884
56035
67528
68003
53678
69432
87858
75726
30611
88560
85373
80869
33212
31073
28576
75096
32000
92673
86475
79352
69882
72898
42496
41032
80920
65896
89674
60222
86828
76402
53098
69216
50710
28270
28507
80194
91686
92161
77837
28311
46737
34349
54770
47183
44252
39492
57371
55488
52735
33975
56415
51552
45098
37975
28505
31521
66911
65447
39799
90310
48553
84637
45707
35281
77513
93630
75125
52685
52922
39073
50565
51040
36716
52470
71152
58764
78929
71598
68411
63907
81786
79647
76894
58134
80830
75967
69513
62390
52920
55936
91325
89606
64214
48933
72712
43260
70122
59440
36136
52253
34004
76844
77081
63232
74980
75455
61131
76629
29775
83179
37808
30221
92825
88066
40665
38526
35773
82549
39453
34590
28392
86549
77079
80351
49948
48485
88373
73348
31591
67419
28745
83855
60551
76668
58163
35723
35960
87647
33603
34078
85290
35508
54190
41802
61967
54636
51448
46945
64824
62941
59932
41428
63868
59005
52551
45428
35958
38974
74363
72900
47252
32227
56006
91833
53160
42734
84966
35547
82578
60138
60375
46526
58018
58493
44169
59667
78349
66217
86382
79051
75607
71360
89239
87100
84347
65587
88283
83420
76966
69843
60373
63389
33242
31523
71411
56386
80165
50456
77319
66893
43589
59706
41201
84297
84534
70685
82177
82908
68584
84082
37228
90375
45261
37674
34486
29983
47862
45979
43226
90001
46906
42043
35589
28466
84532
87548
57401
55938
30034
80801
39044
74871
36198
91307
68004
84121
65360
43176
43413
29564
41056
41531
92742
42961
61643
49254
69420
62089
58645
54398
72021
70138
67385
48880
71321
66458
60004
52881
43411
46171
81816
80353
54449
39424
63459
33750
60613
49930
92162
42744
89775
67335
67572
53979
65471
65946
51621
67120
85802
73669
28299
86504
83060
78813
30900
28761
91799
73039
29944
90616
84419
77296
67570
70586
40439
38976
78608
63839
87618
57909
84772
74345
51041
66903
48398
91749
91730
78138
89630
90104
75780
91534
44681
32292
52714
45127
41939
37436
55059
53176
50422
31918
54103
49239
43042
35919
91728
29209
64598
63391
37487
88254
46497
82324
43651
33224
75456
91317
72813
50628
50609
37017
48509
48727
34659
50413
69096
56707
76873
69542
66098
61851
79474
77335
74581
56077
78518
73654
67457
60334
50607
53624
89013
87550
61902
46877
70656
40947
68066
57383
34079
49940
31692
74787
74768
61176
72924
73142
59074
74572
93254
81122
35752
28165
90512
86010
38353
36214
33460
80492
37141
32277
91871
84493
74766
78039
47636
46173
86061
71292
29535
65106
92224
81798
58494
74355
55851
33666
33647
85335
31547
31765
83233
33451
52133
39745
59911
52580
49391
44633
62512
60629
57619
39371
61556
56692
50494
43372
33645
36662
72051
70588
44940
30171
53950
89521
51103
40677
82909
33234
80266
58081
58062
44214
55962
56180
42112
57610
76292
64160
84326
76995
73550
69048
86927
84788
82034
63530
85971
81107
74909
67787
58060
61077
30930
29211
69355
54330
78109
48144
75262
64836
41532
57393
39145
82240
82221
68373
80121
80595
66527
82025
35171
88319
43205
35618
32429
93206
45806
43667
40913
87945
44594
39730
33532
91945
82219
85236
55089
53626
93513
78745
36988
72559
33885
89251
65947
81808
63304
41119
41100
92787
38744
39218
90685
40904
59586
46942
67364
60033
56588
52085
69965
67826
65072
46824
69009
64145
57691
50824
41098
43859
79504
78041
52392
37368
61403
31438
58300
47874
90105
40687
87719
65278
65515
51666
63159
63633
49564
65063
83745
71357
91778
84448
81003
76500
28844
91984
89487
70983
93423
88560
82106
75239
65513
68274
38383
36664
76551
61527
85562
55597
82459
72289
48728
64846
46342
89437
89674
75825
87318
88048
73723
89478
42624
29980
50657
43071
39882
35123
53003
50863
48366
29862
52046
47183
40729
33862
89672
92432
62542
61079
35430
85942
44441
80012
41338
31168
73143
89261
70757
48316
48553
34704
46197
46671
32346
48357
67039
54395
74816
67486
64041
59538
77418
75022
72525
54021
76461
71598
65144
58277
48551
51311
86957
85238
59845
44565
68600
38891
65753
55327
31766
47884
29636
72475
72712
59119
70612
71086
56761
72516
91197
78810
33695
91644
88456
83697
36297
33901
31404
78436
35084
30221
89559
82436
72710
75726
45580
43861
84004
68980
92758
63050
89911
79742
56181
72299
53795
31354
31591
83278
29235
29709
80920
31395
50076
37433
57854
50267
47335
42320
60456
58316
55563
37315
59499
54636
48182
41315
31589
34349
69995
68276
42883
93394
51637
87465
48790
38621
80596
31178
78210
55769
56006
42157
53650
54124
39799
55554
74235
61848
82013
74682
71494
66735
84871
82475
79978
61474
83914
79051
72597
65730
56004
58764
28874
92434
67298
52017
75796
46088
72949
62780
39219
55337
37089
79928
80165
66316
77809
78539
64214
79969
32858
86007
40892
33305
30373
90893
43750
41354
38857
85889
42537
37674
31220
89888
80163
83179
53033
51313
91456
76432
34675
70503
31572
87195
63634
79752
61248
38807
39044
90730
36432
37162
88373
38848
57273
44630
65051
57720
54532
49772
67909
65769
63016
44768
66952
62089
55379
48767
39042
41802
77448
75728
50335
35311
59090
29382
55987
45818
87793
38631
85663
62966
63459
49609
60847
61577
47252
63007
81432
69045
89466
82135
78947
74187
92323
89927
87431
68927
91366
86504
79794
73182
63457
66217
36327
34351
74494
59470
83249
53541
80146
69977
46416
62790
44286
87125
87618
73768
85006
85992
71411
87422
40311
93203
48345
40758
37826
32810
50946
48806
46310
93341
49989
45127
38417
31805
87616
90375
60486
58766
33117
83885
42128
77956
39025
28856
70831
87205
68445
46004
46497
32647
43885
44615
30034
46301
64726
52082
72504
65173
61985
57225
75361
72965
70469
51964
74404
69542
62832
56220
46495
49254
84901
83181
57532
42508
66543
36835
63440
53015
29454
45828
92859
70163
70656
57062
68300
69030
54449
70460
88885
76497
31383
89332
86400
81640
34240
31844
29348
76123
33027
28165
87247
80379
70654
73669
43524
41804
81691
66923
90701
60994
87599
77430
53869
70243
51482
29042
29535
81221
92458
93188
78608
29339
47764
35120
55542
47955
45279
40263
58399
56259
53507
35002
57442
52580
45870
39002
29277
32292
67939
66219
40570
91337
49580
85409
46478
36309
78284
29122
75897
53457
53950
40100
51337
52067
37487
53498
71923
59535
79701
72370
69438
64678
82814
80418
77922
59161
81857
76995
70285
63417
53692
56707
92353
90377
64985
49960
73739
44032
70893
60468
36907
53281
34776
77616
78109
64259
75752
76482
61902
77657
30546
83950
38580
30993
28317
88837
41693
39297
36801
83576
40480
35618
29164
87576
77851
81122
50976
49256
89144
74375
32618
68447
29516
84883
61322
77696
58935
36495
36988
88674
34375
35105
86061
36536
54961
42573
62739
55408
52476
47716
65852
63712
60960
42455
64895
60033
53323
46455
36730
39745
75391
73671
48023
33254
57033
92861
53931
43506
85737
36575
83350
60910
61403
47553
58790
59520
44940
60695
79120
66988
87154
79823
76635
72131
90266
87871
85375
66614
89310
84448
77738
70870
61145
64160
34270
32294
72182
57413
81192
51484
78090
67665
44360
60734
41973
85069
85562
71712
82949
83935
69355
85110
37999
91146
46033
38446
35514
30754
48889
46750
44254
91028
47933
43071
36361
29493
85304
88319
58429
56709
30805
81828
40071
75899
36969
92079
68775
85149
66132
43948
44441
30591
41828
42558
93513
43989
62414
50025
70192
62861
59673
55169
73048
70909
68413
49651
72348
67486
60776
53908
44183
46942
82844
81124
55220
40451
64486
34778
61384
50702
92933
43772
90546
68107
68600
55006
66243
66973
52392
68148
86573
74440
29071
87276
84088
79584
31927
29532
92827
73810
30971
91644
85191
78067
68342
71357
41467
39747
79379
64866
88645
58937
85543
75117
51812
67931
49169
92521
92758
79165
90401
91131
76551
92562
45452
33063
53486
45899
42967
38207
56086
53947
51450
32689
55130
50267
43814
36690
92500
29980
65626
64162
38258
89281
47524
83352
44422
33996
76227
92345
73584
51400
51637
38044
49280
49754
35430
51185
69867
57478
77645
70314
67126
62622
80501
78106
75609
56848
79545
74682
68229
61105
51379
54395
90040
88321
62673
47904
71683
41975
68837
58155
34850
50968
32463
75559
75796
62203
73695
74169
59845
75344
28490
81893
36524
28937
91540
86781
39380
36985
34488
81263
38168
33305
92643
85264
75538
78810
48663
47200
86832
72319
30562
66134
92995
82570
59265
75383
56622
34438
34675
86362
32318
32792
84004
34223
52905
40516
60683
53352
50163
45404
63539
61400
58647
40142
62583
57720
51266
44143
34417
37433
73078
71615
45711
31198
54977
90548
51874
41449
83680
34262
81037
58853
59090
45241
56733
57207
42883
58382
77064
64931
85098
77767
74322
69819
87954
85559
83062
64301
86998
82135
75681
68558
58832
61848
31957
30238
70126
55357
79136
49171
76033
65608
42303
58421
39916
83012
83249
69400
80892
81622
67298
82797
35943
89090
43977
36390
33201
28442
46577
44438
41941
88716
45621
40758
34304
92716
82991
86007
56116
54653
28749
79772
38015
73586
34912
90022
66718
82836
64075
41891
42128
28279
39515
40245
91456
41676
60358
47969
68136
60805
57360
52857
70736
68597
66100
47595
70036
65173
58719
51595
41870
44630
80531
79068
53164
38395
62430
32465
59327
48645
90876
41459
88490
66050
66543
52694
63930
64660
50335
65835
84517
72384
92550
85220
81775
77272
29615
92755
90514
71754
28659
89332
83134
76010
66285
69045
39154
37691
77323
62554
86589
56624
83486
73060
49499
65618
47113
90464
90701
76853
88089
88819
74494
90249
43396
31007
51429
43843
40654
35895
53774
51634
49137
30633
52818
47955
41757
34633
90443
93203
63313
62106
36202
86969
45468
81039
42365
31939
73914
90032
71528
49343
49580
35732
46968
47442
33117
49128
67811
55422
75588
68258
64813
60310
78189
75793
73296
54792
77233
72370
66172
59048
49322
52082
87728
86265
60617
45592
69627
39918
66780
56098
32537
48655
30407
73502
73739
59891
71383
71857
57532
73287
91969
79837
34467
92416
89228
84469
37068
34672
32175
79207
35856
30993
90586
83207
73481
76497
46351
44888
84776
70007
28250
64077
90938
80513
56952
73070
54566
32381
32618
84050
30006
30480
81691
32166
50848
38460
58626
51295
48107
43092
61227
59087
56334
38086
60271
55408
49209
42086
32360
35120
70766
69303
43655
28886
52665
88492
49817
39392
81367
31949
78981
56796
57033
42929
54421
54895
40570
56325
75007
62875
83041
75710
72266
67507
85642
83246
80749
62245
84686
79823
73624
66501
56775
59535
29645
93461
68070
53045
76824
47115
73976
63551
39990
56108
37860
80955
81192
67088
78580
79310
64985
80740
33630
87034
41920
34333
31145
91665
44521
42125
39628
86660
43309
38446
32247
90659
80934
83950
53804
52340
92228
77460
35703
71530
32599
87966
64405
80523
62019
39834
40071
91502
37203
37933
89144
39619
58045
45657
66079
58748
55304
50544
68680
66540
63787
45539
67724
62861
56406
49538
39813
42573
78219
76755
51107
36083
60118
30409
57014
46589
88564
39402
86434
63993
64486
50381
61618
62348
48023
63778
82204
70072
90493
83163
79719
74959
93094
90698
88202
69698
92138
87276
80821
73953
64228
66988
37098
35378
75266
60242
84277
54568
81173
70748
47187
63561
45057
88152
88645
74540
85777
86763
72182
88193
41083
28695
49372
41786
38598
33582
51717
49577
47081
28577
50761
45899
39444
32576
88387
91146
61257
59793
34145
84657
43156
78983
40052
29627
71602
87976
69472
47031
47524
33419
44656
45386
30805
47072
65498
53110
73531
66201
62757
57997
76132
73736
71240
52736
75176
70314
63859
56991
47266
50025
85672
84208
58560
43280
67315
37862
64467
53786
30225
46599
28351
71190
71683
57834
69071
69801
55220
71231
89657
77525
32410
90359
87172
82412
35011
32615
30119
77151
33799
28937
88274
81150
71425
74440
44295
42831
82719
67695
91473
62021
88626
78201
54640
71014
52510
30069
30562
81993
93229
28424
79379
30110
48536
36148
56569
48982
46051
41035
59170
57030
54278
36030
58214
53352
46897
39773
30304
33063
68710
67246
41598
92109
50352
86436
47505
37080
79055
29893
76925
54484
54977
40872
52108
52839
38258
54269
72695
60563
80728
73397
70210
65450
83585
81189
78693
60189
82629
77767
71312
64188
54719
57478
93124
91404
66013
50732
74511
45059
71920
61239
37678
54052
35804
78643
79136
65031
76523
77254
62673
78428
31318
84722
39607
32020
29089
89609
42464
40068
37572
84604
41252
36390
30191
88347
78878
81893
51747
50283
90171
75147
33390
69474
30543
85654
62093
78467
59963
37522
38015
89446
35146
35877
86832
37307
55733
43345
63766
56435
53248
48488
66623
64483
61731
43483
65667
60805
54350
47226
37757
40516
76162
74698
49050
34026
57805
28353
54958
44277
86508
37346
84378
61681
62430
48325
59561
60292
45711
61466
79892
67760
88181
80850
77663
72903
91037
88642
86146
67642
90081
85220
78765
71641
62172
64931
35041
33321
73209
58185
81964
52512
79117
68436
45131
61505
43001
85840
86589
72484
83720
84707
70126
85881
38771
91918
47060
39473
36542
31526
49660
47521
45025
92056
48704
43843
37388
30264
86331
89090
59200
57736
31832
82600
40843
76927
37996
92850
69546
85920
67160
44719
45468
31363
42599
43330
28749
44760
63186
50797
71219
63888
60701
55941
73819
71680
69184
50679
73119
68258
61803
54679
45210
47969
83615
82151
56247
41223
65258
35806
62411
51473
28169
44543
91574
68878
69627
55778
67014
67745
53164
68919
87345
75212
30098
88303
85116
80356
32698
30559
93598
74838
31742
92416
86218
78838
69369
72384
42238
40774
80406
65638
89417
59965
86570
75888
52584
68702
50197
93292
28250
79937
91172
91903
77323
93333
46224
33835
54257
46926
43995
38979
56857
54974
52221
33717
55901
51295
44841
37461
93527
31007
66397
65189
39285
90052
48296
84380
45449
34767
76999
93116
74612
52171
52665
38816
50051
50526
36202
51956
70639
58250
78416
71341
68154
63394
81272
79133
76380
57876
80316
75710
69256
61876
52406
55422
90811
89348
63700
48675
72455
43003
69864
58926
35622
51739
33491
76330
76824
62975
74466
74941
60617
76115
29262
82665
37295
29964
92568
87553
40151
38012
35259
82291
38939
34333
93670
86035
76565
79837
49434
48227
87859
73090
31334
67162
28487
83341
60037
76154
57650
35209
35703
87134
33089
33564
84776
34994
53677
41288
61454
54379
51191
46432
64310
62427
59418
41170
63354
58748
52293
44914
35444
38460
73849
72642
46738
31969
55749
91576
52902
42220
84452
35033
82065
59624
60118
46013
57504
57979
43655
59153
77836
65703
85869
78794
75350
70847
88725
86586
83833
65329
87769
83163
76708
69329
59859
62875
32728
31265
70897
56128
79908
50199
77061
66379
43075
59192
40944
83783
84277
70172
81663
82394
68070
83568
36715
89861
44748
37417
34229
29470
47348
45465
42712
89744
46392
41786
35331
93487
84018
87034
56887
55680
29520
80543
38787
74614
35940
90793
67490
83607
65103
42662
43156
29051
40286
41017
92228
42447
61130
48740
68907
61832
58388
53885
71507
69624
66871
48623
70807
66201
59746
52366
42897
45657
81302
80095
53935
39166
63202
33493
60355
49416
91648
42230
89518
66821
67315
53466
64701
65432
51107
66606
85289
73155
93321
86247
82803
78300
30386
28247
91285
72782
29430
90359
84161
76781
67312
70072
39925
38718
78094
63325
87361
57652
84514
73831
50527
66389
48141
91235
91473
77625
88860
89591
75266
91020
44168
31778
52200
44870
41682
36923
54545
52662
49908
31661
53589
48982
42784
35404
91470
28695
64084
63133
36973
87740
46240
82067
43393
32710
74942
90803
72556
50114
50352
36504
47739
48214
34145
49899
68583
56193
76359
69285
65841
61338
78960
76821
74067
55820
78004
73397
67199
59819
50349
53110
88499
87292
61388
46363
70399
40690
67808
56869
33565
49426
31435
74273
74511
60663
72154
72629
58560
74058
92741
80608
35238
93443
90255
85497
37839
35700
32946
80235
36627
32020
91613
83978
74508
77525
47122
45915
85547
70778
29022
64849
91966
81284
57980
73841
55594
33152
33390
84822
30777
31252
82719
32937
51620
39231
59397
52322
49134
44120
61998
60115
57105
39114
61042
56435
50236
42857
33387
36148
71537
70330
44426
29657
53437
89264
50845
40163
82395
32720
80009
57567
57805
43701
55192
55667
41598
57096
75779
63646
83812
76737
73293
68535
86413
84274
81520
63273
85457
80850
74651
67272
57802
60563
30416
28953
68841
53816
77596
47887
75004
64322
41018
56879
38888
81726
81964
67860
79351
80082
66013
81511
34658
87805
42691
35360
32172
92693
45292
43153
40399
87688
44080
39473
33274
91430
81961
84722
54575
53368
92999
78231
36475
72302
33627
88737
65433
81294
63047
40605
40843
92274
37974
38705
90171
40390
59073
46428
66850
59775
56331
51572
69451
67568
64558
46567
68495
63888
57433
50309
40840
43345
78990
77783
51878
36854
60890
31181
58042
47360
89592
40173
87462
64764
65258
51153
62389
63120
49050
64549
83232
70843
91264
84190
80746
75987
28330
91726
88973
70726
92909
88303
81848
74724
65255
67760
37869
36406
76037
61013
85049
55340
82201
71775
48215
64332
46085
88923
89417
75312
86548
87535
73209
88964
42111
29466
50143
42813
39625
34610
52489
50605
47852
29605
51532
46926
40471
33347
89414
91918
62028
60821
34916
85428
43928
79755
41080
30654
72630
88747
70500
47802
48296
34191
45427
46158
31832
47843
66526
53881
74302
67228
63784
59025
76904
74764
72011
53764
75947
71341
64886
57762
48293
50797
86443
84980
59331
44051
68087
38634
65495
54813
31253
47370
29379
71961
72455
58606
69842
70573
56247
72002
90684
78296
33181
91386
88199
83440
35783
33643
30890
78179
34570
29964
89301
81921
72452
75212
45066
43603
83490
68466
92245
62793
89654
79228
55668
71785
53538
30840
31334
82765
28465
29196
80406
30881
49563
36919
57340
50009
47078
42063
59942
58058
55049
37058
58985
54379
47924
40800
31331
33835
69481
68018
42369
92880
51124
87208
48533
38107
80083
30664
77953
55255
55749
41644
52880
53611
39285
55040
73722
61334
81499
74424
71237
66478
84357
82217
79464
61217
83400
78794
72339
65215
55746
58250
28360
92176
66784
51503
75283
45831
72692
62266
38706
54823
36832
79414
79908
65803
77295
78026
63700
79455
32345
85493
40378
33047
30116
90636
43236
41096
38343
85632
42023
37417
30962
89374
79905
82665
52519
51055
90942
75918
34162
70246
31315
86681
63121
79238
60991
38293
38787
90217
35918
36649
87859
38334
56760
44116
64537
57462
54275
49515
67395
65511
62502
44511
66438
61832
55121
48253
38784
41288
76934
75470
49821
34797
58577
29125
55730
45304
87536
38117
85406
62452
63202
49096
60333
61064
46738
62493
80919
68531
88952
81877
78690
73930
91809
89670
86917
68670
90852
86247
79536
72668
63199
65703
35813
34093
73980
58956
82736
53284
79889
69463
46159
62276
44029
86611
87361
73255
84492
85479
70897
86908
39798
92689
47831
40500
37569
32553
50432
48549
45796
93084
49475
44870
38159
31291
87358
89861
59972
58508
32603
83371
41615
77699
38768
28342
70574
86691
68188
45490
46240
32134
43371
44102
29520
45787
64213
51568
71990
64915
61728
56968
74847
72708
69955
51707
73890
69285
62574
55706
46237
48740
84387
82923
57018
41994
66030
36578
63183
52501
29197
45314
92602
69649
70399
56549
67786
68517
53935
69946
88372
75983
30869
89074
86143
81383
33726
31587
28834
75866
32513
93443
86989
79865
70396
73155
43010
41546
81177
66409
90188
60737
87342
76916
53612
69729
51225
28528
29022
80708
91944
92675
78094
28825
47251
34606
55028
47697
45022
40006
57885
56002
52993
34745
56928
52322
45612
38488
29019
31778
67425
65961
40056
90823
49067
85152
46221
35795
78027
28608
75640
52943
53437
39587
50823
51554
36973
52984
71410
59021
79187
72112
69181
64421
82300
80161
77408
58904
81343
76737
70027
62903
53434
56193
91839
90119
64471
49446
73226
43775
70636
59954
36650
52767
34519
77102
77596
63746
75238
75969
61388
77143
30033
83436
38066
30735
93595
88580
41179
39040
36287
83319
39966
35360
28906
87062
77593
80608
50462
48998
88630
73861
32105
67934
29259
84369
61065
77182
58678
35981
36475
88161
33861
34592
85547
36022
54448
42059
62225
55150
52218
47459
65338
63455
60446
42198
64381
59775
53065
45941
36472
39231
74877
73413
47509
32740
56520
92348
53674
43248
85480
36061
83093
60396
60890
47040
58276
59007
44426
60181
78607
66474
86640
79565
76377
71874
89753
87614
84861
66357
88796
84190
77480
70356
60887
63646
33756
32036
71668
56899
80679
50971
77833
67407
44103
60220
41716
84555
85049
71199
82435
83422
68841
84596
37486
90632
45519
38188
35256
30497
48376
46493
43740
90771
47419
42813
36103
28979
85046
87805
57915
56451
30291
81314
39558
75386
36712
91821
68518
84635
65875
43434
43928
30078
41314
42045
92999
43475
61901
49511
69678
62603
59415
54912
72535
70652
67899
49394
71834
67228
60518
53394
43925
46428
82330
80866
54706
39937
63973
34265
61127
50444
92676
43258
90289
67593
68087
54493
65729
66460
51878
67634
86060
73926
28557
87018
83830
79327
31414
29275
92313
73553
30457
91386
84933
77553
68084
70843
40953
39489
78865
64352
88132
58424
85286
74859
51555
67417
48912
92007
92245
78652
89887
90618
76037
92048
44939
32549
52972
45641
42709
37950
55573
53690
50936
32432
54616
50009
43556
36176
92242
29466
65112
63904
37744
88767
47011
82839
44165
33738
75970
91831
73327
50886
51124
37531
48766
49241
34916
50927
69354
56964
77131
70056
66868
62365
79988
77849
75095
56591
79031
74424
67971
60591
51121
53881
89527
88063
62159
47390
71170
41462
68580
57897
34593
50454
32206
75045
75283
61690
73181
73656
59331
75086
93512
81379
36010
28679
91282
86524
38867
36728
33974
81006
37654
33047
92385
84750
75280
78296
48150
46686
86318
71805
30049
65621
92738
82312
59008
74869
56365
33924
34162
85849
31804
32279
83490
33965
52391
40002
60169
53094
49905
45147
63026
61143
58133
39885
62069
57462
51008
43629
34159
36919
72565
71101
45197
30684
54464
90035
51617
41191
83423
33748
80780
58339
58577
44728
56219
56694
42369
58124
76550
64417
84584
77509
74064
69562
87441
85302
82548
64044
86484
81877
75423
68044
58574
61334
31444
29724
69612
54843
78623
48658
75776
65350
42046
57907
39659
82498
82736
68887
80378
81109
66784
82539
35429
88576
43463
36132
32943
28185
46320
44181
41427
88459
45107
40500
34046
92202
82733
85493
55603
54139
28235
79258
37502
73073
34655
89765
66461
82322
63818
41377
41615
93301
39001
39732
90942
41418
59844
47455
67622
60547
57102
52600
70479
68340
65586
47338
69522
64915
58205
51081
41612
44116
80018
78554
52650
37881
61917
31952
59070
48388
90619
40945
88233
65536
66030
52180
63416
64147
49821
65577
84003
71870
92036
84962
81517
77015
29358
92498
90000
71497
28145
89074
82620
75496
66027
68531
38641
37177
76809
62040
86076
56111
83229
72803
49242
65104
46856
89950
90188
76339
87575
88306
73980
89991
42882
30493
50915
43585
40396
35638
53517
51377
48879
30376
52304
47697
41243
34119
90185
92689
62800
61592
35688
86455
44955
80526
42108
31682
73657
89519
71271
48829
49067
35218
46454
46929
32603
48870
67297
54908
75074
68000
64555
60053
77932
75536
73038
54535
76719
72112
65658
58534
49064
51568
87215
85751
60103
45078
69114
39405
66523
55841
32280
48142
30150
72988
73226
59377
70869
71344
57018
73029
91455
79323
33953
92158
88970
84212
36811
34415
31917
78950
35342
30735
90072
82693
73223
75983
45838
44374
84262
69493
93272
63564
90681
80256
56695
72557
54309
31867
32105
83536
29492
29967
81177
31908
50334
37946
58112
50781
47849
42835
60970
58830
56076
37829
59757
55150
48695
41572
32102
34606
70253
68789
43141
28372
52151
87979
49560
39135
81110
31436
78724
56282
56520
42415
53907
54382
40056
56067
74493
62361
82527
75196
72008
67250
85385
82989
80491
61988
84172
79565
73110
65987
56517
59021
29132
92947
67556
52531
76310
46602
73719
63294
39733
55595
37603
80441
80679
66574
78066
78797
64471
80482
33116
86520
41406
33819
30887
91408
44264
41868
39370
86403
42795
38188
31733
90145
80676
83436
53291
51826
91714
76946
35189
71017
32342
87709
64148
80010
61762
39320
39558
90988
36689
37420
88630
39361
57531
45143
65565
58234
55046
50287
68423
66283
63529
45282
67210
62603
55892
49024
39555
42059
77706
76241
50593
35569
59604
29896
56757
46332
88307
38889
86177
63479
63973
49867
61104
61835
47509
63520
81690
69558
89979
82649
79461
74702
92837
90441
87944
69441
91624
87018
80307
73439
63970
66474
36585
34864
74752
59728
83763
54055
80916
70491
46930
63048
44800
87638
88132
74026
85263
86250
71668
87935
40569
28181
48858
41272
38340
33325
51460
49320
46823
28320
50247
45641
38930
32062
88129
90632
60744
59279
33631
84143
42642
78470
39795
29370
71345
87463
69215
46517
47011
32905
44142
44873
30291
46814
64984
52596
73017
65687
62499
57740
75875
73479
70982
52479
74662
70056
63345
56477
47008
49511
85159
83694
58046
42766
66801
37349
64210
53529
29968
46086
93629
70676
71170
57320
68557
69288
54706
70973
89143
77011
31896
89845
86914
82155
34754
32358
29861
76638
33285
28679
87760
80636
71167
73926
43782
42317
82205
67181
90959
61508
88369
77944
54383
70501
52252
29555
30049
81479
92715
93446
78865
29852
48022
35634
56055
48468
45793
40778
58913
56773
54020
35517
57700
53094
46383
39259
29790
32549
68197
66732
41084
91595
49838
85923
47248
36823
78798
29380
76667
53970
54464
40358
51594
52325
37744
54011
72181
60049
80214
72883
69952
65193
83328
80932
78435
59676
82115
77509
70798
63674
54205
56964
92611
90890
65499
50218
73997
44546
71663
60982
37421
53539
35546
78129
78623
64517
76009
76740
62159
78170
30804
84464
39093
31506
28831
89352
42207
39811
37314
84091
40738
36132
29677
87833
78364
81379
51234
49769
89658
74633
32876
68961
30286
85397
61836
77954
59705
37008
37502
88932
34632
35363
86318
37049
55219
43087
63252
55921
52990
48231
66366
64226
61473
42970
65153
60547
53836
46712
37243
40002
75649
74184
48537
33512
57291
93375
54701
44020
86251
36833
84120
61423
61917
47811
59047
59778
45197
61208
79378
67502
87667
80336
77149
72646
90780
88385
85888
67129
89568
84962
78251
71127
61658
64417
34528
32807
72696
57671
81450
51998
78860
68179
44874
60992
42743
85582
86076
71970
83206
84193
69612
85623
38257
91660
46546
38959
36028
31269
49403
47264
44767
91543
48191
43585
36874
29750
85817
88576
58687
57222
31319
82086
40329
76413
37739
92593
69289
85407
66902
44461
44955
30849
42085
42816
28235
44502
62672
50539
70705
63374
60187
55684
73562
71423
68926
50166
72606
68000
61289
54165
44696
47455
83102
81637
55734
40709
64744
35292
62154
51216
93447
44030
91316
68620
69114
55264
66500
67231
52650
68661
86831
74954
29584
87789
84602
80099
32441
30046
93340
74325
31229
92158
85704
78324
68855
71870
41725
40260
79893
65124
88903
59451
86313
75631
52326
68189
49939
93034
93272
79423
90658
91389
76809
93075
45710
33577
53999
46412
43481
38722
56600
54461
51963
33204
55388
50781
44327
36947
93013
30493
65884
64675
38772
89539
47782
83866
45192
34510
76741
92603
74354
51913
52151
38302
49537
50012
35688
51698
70125
57992
78158
70827
67640
63137
81015
78620
76122
57363
79803
75196
68742
61362
51892
54908
90298
88834
63187
48162
71941
42489
69607
58669
35364
51226
33233
76072
76310
62461
73952
74427
60103
75857
28748
82407
37037
29450
92054
87296
39894
37499
35001
81778
38426
33819
93156
85521
76051
79323
48921
47713
87346
72577
30820
66648
28230
83084
59779
75641
57392
34951
35189
86620
32575
33050
84262
34736
53163
41030
61196
53865
50677
46175
64053
61914
59160
40657
62841
58234
51779
44400
34930
37946
73336
72128
46225
31456
55235
91062
52645
41963
84194
34520
81807
59366
59604
45499
56990
57465
43141
58895
77322
65445
85611
78280
74836
70590
88468
86073
83575
64816
87256
82649
76194
68815
59345
62361
32215
30751
70640
55615
79394
49685
76804
66122
42817
58679
40686
83525
83763
69658
81149
81880
67556
83310
36201
89604
44490
36903
33715
29213
47091
44952
42454
89231
45879
41272
34817
92973
83504
86520
56374
55166
29263
80030
38273
74100
35683
90536
67232
83094
64845
42404
42642
28537
39772
40503
91714
42189
60616
48483
68649
61318
57874
53628
71250
69111
66613
48110
70294
65687
59232
51852
42383
45143
80789
79581
53678
38653
62688
32979
60098
49159
91390
41717
89260
66563
66801
52952
64187
64918
50593
66348
84775
72898
93063
85733
82289
78043
30129
93269
91027
72269
28917
89845
83647
76267
66798
69558
39412
38204
77837
62812
86847
57138
84257
73574
50013
65876
47883
90977
90959
77111
88346
89077
74752
90762
43654
31521
51942
44356
41168
36666
54288
52148
49650
31148
53076
48468
42270
34890
90956
28181
63571
62619
36716
87227
45726
81553
43136
32453
74428
90290
72298
49856
49838
35990
47225
47700
33631
49641
68069
55936
76101
68771
65327
61081
78703
76307
73809
55307
77491
72883
66685
59305
49835
52596
87986
86778
61131
45850
69885
40432
67551
56612
33051
48913
31177
74015
73997
60149
71640
72115
58046
73800
92227
80351
34980
92929
89742
85240
37582
35186
32688
79722
36114
31506
91099
83464
73994
77011
46609
45401
85290
70265
28508
64591
91709
81027
57466
73328
55336
32894
32876
84308
30263
30738
82205
32679
51106
38974
59139
51808
48621
43863
61741
59601
56847
38601
60529
55921
49722
42343
32873
35634
71024
69816
44169
29144
52923
89006
50588
39906
81881
32207
79751
57309
57291
43187
54678
55153
41084
56838
75265
63389
83554
76223
72780
68278
86156
83760
81262
62760
84944
80336
74137
66758
57288
60049
29903
28439
68584
53303
77082
47629
74747
64065
40504
56366
38630
81468
81450
67346
78837
79568
65499
81253
34144
87548
42433
34846
31659
92436
45035
42639
40141
87175
43567
38959
32760
90916
81447
84464
54062
52854
92742
77718
35961
72044
33370
88480
64919
80781
62789
40347
40329
91760
37460
38191
89658
40132
58559
46171
66592
59261
55818
51315
69194
67054
64300
46054
67982
63374
56919
49795
40326
43087
78477
77269
51621
36341
60376
30923
57785
47103
89078
39660
87204
64506
64744
50639
61875
62606
48537
64291
82718
70586
91006
83676
80233
75730
93608
91212
88715
70213
92396
87789
81334
74210
64741
67502
37356
35892
75780
60500
84535
55082
81944
71262
47701
63819
45827
88665
88903
74798
86034
87021
72696
88706
41597
29209
49885
42299
39112
34353
52231
50091
47594
29092
51019
46412
39957
32833
88900
91660
61515
60307
34659
84915
43414
79497
40823
30141
72116
88234
70242
47544
47782
33677
44913
45644
31319
47585
66012
53624
74044
66714
63271
58768
76646
74250
71753
53251
75434
70827
64372
57248
47779
50539
85930
84466
59074
43538
67573
38376
65238
54300
30739
46857
29121
71703
71941
58092
69328
70059
55734
71744
90170
78039
32923
90872
87686
83183
35525
33129
30632
77666
34057
29450
88787
81407
71938
74954
44553
43089
83233
67953
91731
62535
89397
78715
55154
71272
53280
30582
30820
82251
93486
28682
79893
30623
49049
36662
57082
49495
46565
41806
59684
57544
54791
36545
58472
53865
47410
40030
30817
33577
68968
67504
42112
92367
50610
86950
48276
37594
79569
30151
77695
54997
55235
41130
52365
53097
38772
54782
73208
61077
81241
73910
70724
66221
84099
81703
79206
60704
82887
78280
71825
64445
55232
57992
93382
91662
66527
50990
74769
45573
72435
61753
38192
54310
36574
79156
79394
65289
76780
77512
63187
78941
31831
85236
40120
32533
29603
90379
42978
40582
38085
85119
41510
36903
30704
88604
79391
82407
52005
50541
90685
75405
33648
69988
31058
86168
62607
78725
60733
38035
38273
89704
35403
36135
87346
37820
56246
43859
64279
56948
53762
49258
67137
64997
62244
43998
65925
61318
54863
47483
38270
41030
76420
74956
49564
34284
58063
28867
55473
44791
87022
37604
85148
62194
62688
48583
59818
60550
46225
61979
80405
68274
88694
81363
78177
73673
91551
89156
86659
68157
90339
85733
79278
71898
62685
65445
35299
33579
73723
58443
82222
53026
79632
68950
45645
61763
43771
86353
86847
72742
83977
84965
70640
86394
39284
92432
47573
39986
37056
32296
50174
48035
45538
92571
48962
44356
37901
30521
86844
89604
59458
57994
32346
82858
41101
77441
38511
93364
70060
86178
67930
45232
45726
31621
42856
43588
29263
45273
63699
51311
71732
64401
61215
56711
74333
72194
69697
51194
73377
68771
62316
54936
45723
48483
83873
82409
56761
41481
65516
36320
62926
51987
28683
44801
92344
69391
69885
56036
67271
68003
53678
69432
87858
75726
30611
88816
85630
81126
33212
31073
28576
75353
32000
92929
86731
79095
69882
72898
42496
41032
80920
65896
89675
60479
87085
76402
53098
69216
50967
28270
28508
80195
91429
92161
77837
28311
46737
34349
54770
47439
44509
39749
57371
55488
52735
34232
56415
51808
45354
37718
28505
31521
66911
65447
39799
90310
48554
84894
45964
35281
77513
93630
75382
52685
52923
39074
50308
51040
36716
52470
71152
58764
78929
71854
68668
64164
81786
79647
76894
58391
80830
76223
69769
62133
52920
55936
91325
89606
64214
48933
72713
43517
70379
59440
36136
52253
34261
76844
77082
63233
74723
75455
61131
76629
29775
83179
37808
30477
93082
88323
40665
38526
35773
82806
39453
34846
28648
86292
77079
80351
49948
48485
88373
73348
31592
67676
29002
83855
60551
76668
58420
35723
35961
87648
33346
34078
85290
35508
54190
41802
61967
54892
51705
47202
64824
62941
59932
41685
63868
59261
52807
45171
35958
38974
74363
72900
47252
32227
56007
92090
53417
42734
84966
35547
82835
60138
60376
46527
57761
58493
44169
59667
78349
66217
86382
79307
75864
71617
89239
87100
84347
65844
88283
83676
77222
69586
60373
63389
33242
31523
71411
56386
80166
50713
77576
66893
43589
59706
41458
84297
84535
70686
81920
82908
68584
84082
37228
90375
45261
37930
34743
30240
47862
45979
43226
90258
46906
42299
35845
28209
84532
87548
57401
55938
30034
80801
39045
75128
36455
91307
68004
84121
65617
43176
43414
29565
40799
41531
92742
42961
61643
49254
69420
62345
58902
54655
72021
70138
67385
48881
71321
66714
60260
52624
43411
46171
81816
80353
54449
39424
63460
34007
60870
49930
92162
42744
90031
67335
67573
53980
65214
65946
51621
67120
85802
73669
28299
86760
83317
79070
30900
28761
91799
73040
29944
90872
84675
77039
67570
70586
40439
38976
78608
63839
87619
58166
85029
74345
51041
66903
48654
91749
91731
78139
89373
90104
75780
91534
44681
32292
52714
45383
42196
37693
55059
53176
50422
31919
54103
49495
43298
35662
91728
29209
64598
63391
37487
88254
46498
82581
43908
33224
75456
91317
73069
50628
50610
37018
48252
48727
34659
50413
69096
56707
76873
69798
66355
62108
79474
77335
74581
56078
78518
73910
67713
60077
50607
53624
89013
87550
61902
46877
70657
41204
68323
57383
34079
49940
31948
74787
74769
61177
72667
73142
59074
74572
93254
81122
35752
28421
90769
86267
38353
36214
33460
80493
37141
32533
92127
84236
74766
78039
47636
46173
86061
71292
29536
65363
92481
81798
58494
74355
56107
33666
33648
85336
31290
31765
83233
33451
52133
39745
59911
52836
49648
44890
62512
60629
57619
39372
61556
56948
50750
43115
33645
36662
72051
70588
44940
30171
53951
89778
51360
40677
82909
33234
80522
58081
58063
44215
55705
56180
42112
57610
76292
64160
84326
77251
73807
69305
86927
84788
82034
63531
85971
81363
75165
67530
58060
61077
30930
29211
69355
54330
78110
48401
75519
64836
41532
57393
39401
82240
82222
68374
79864
80595
66527
82025
35171
88319
43205
35874
32686
93463
45806
43667
40913
87946
44594
39986
33788
91688
82219
85236
55089
53626
93513
78745
36989
72816
34142
89251
65947
81808
63560
41119
41101
92788
38487
39218
90685
40904
59586
46942
67364
60289
56845
52342
69965
67826
65072
46825
69009
64401
57947
50567
41098
43859
79504
78041
52392
37368
61404
31695
58557
47874
90105
40687
87975
65278
65516
51667
62902
63633
49564
65063
83745
71357
91778
84704
81260
76757
28844
91984
89487
70984
93423
88816
82362
74982
65513
68274
38383
36664
76551
61527
85563
55854
82716
72289
48728
64846
46598
89437
89675
75826
87061
88048
73723
89478
42624
29980
50657
43327
40139
35380
53003
50863
48366
29863
52046
47439
40985
33605
89672
92432
62542
61079
35430
85942
44442
80269
41595
31168
73143
89261
71013
48316
48554
34705
45940
46671
32346
48357
67039
54395
74816
67742
64298
59795
77418
75022
72525
54022
76461
71854
65400
58020
48551
51311
86957
85238
59845
44565
68601
39148
66010
55327
31766
47884
29892
72475
72713
59120
70355
71086
56761
72516
91197
78810
33695
91900
88713
83954
36297
33901
31404
78437
35084
30477
89815
82179
72710
75726
45580
43861
84004
68980
92759
63307
90168
79742
56181
72299
54051
31354
31592
83279
28978
29709
80920
31395
50076
37433
57854
50523
47592
42577
60456
58316
55563
37316
59499
54892
48438
41058
31589
34349
69995
68276
42883
93394
51638
87722
49047
38621
80596
31178
78466
55769
56007
42158
53393
54124
39799
55554
74235
61848
82013
74938
71751
66992
84871
82475
79978
61475
83914
79307
72853
65473
56004
58764
28874
92434
67298
52017
75797
46345
73206
62780
39219
55337
37345
79928
80166
66317
77808
78539
64214
79969
32858
86007
40892
33561
30630
91150
43750
41354
38857
85890
42537
37930
31476
89632
80163
83179
53033
51313
91456
76432
34676
70760
31829
87195
63634
79752
61504
38807
39045
90731
36431
37162
88373
38848
57273
44630
65051
57976
54789
50029
67909
65769
63016
44769
66952
62345
55635
48511
39042
41802
77448
75728
50335
35311
59091
29639
56244
45818
87793
38631
85919
62966
63460
49610
60846
61577
47252
63007
81432
69045
89466
82391
79204
74444
92323
89927
87431
68928
91366
86760
80050
72926
63457
66217
36327
34351
74494
59470
83250
53798
80403
69977
46416
62790
44542
87125
87619
73769
85005
85992
71411
87422
40311
93203
48345
41014
38083
33067
50946
48806
46310
93342
49989
45383
38673
31549
87616
90375
60486
58766
33117
83885
42129
78213
39282
28856
70831
87205
68701
46004
46498
32648
43884
44615
30034
46301
64726
52082
72504
65429
62242
57482
75361
72965
70469
51965
74404
69798
63088
55964
46495
49254
84901
83181
57532
42508
66544
37092
63697
53015
29454
45828
93115
70163
70657
57063
68299
69030
54449
70460
88885
76497
31383
89588
86657
81897
34240
31844
29348
76124
33027
28421
87503
80123
70654
73669
43524
41804
81691
66923
90702
61251
87856
77430
53869
70243
51738
29042
29536
81222
92457
93188
78608
29339
47764
35120
55542
48211
45536
40520
58399
56259
53507
35003
57442
52836
46126
38746
29277
32292
67939
66219
40570
91337
49581
85666
46735
36309
78284
29122
76153
53457
53951
40101
51336
52067
37487
53498
71923
59535
79701
72626
69695
64935
82814
80418
77922
59162
81857
77251
70541
63161
53692
56707
92353
90377
64985
49960
73740
44289
71150
60468
36907
53281
35032
77616
78110
64260
75751
76482
61902
77657
30546
83950
38580
31249
28574
89094
41693
39297
36801
83577
40480
35874
29420
87320
77851
81122
50976
49256
89144
74375
32619
68704
29773
84883
61322
77696
59191
36495
36989
88675
34374
35105
86061
36536
54961
42573
62739
55664
52733
47973
65852
63712
60960
42456
64895
60289
53579
46199
36730
39745
75391
73671
48023
33254
57034
93118
54188
43506
85737
36575
83606
60910
61404
47554
58789
59520
44940
60695
79120
66988
87154
80079
76892
72388
90266
87871
85375
66615
89310
84704
77994
70614
61145
64160
34270
32294
72182
57413
81193
51741
78347
67665
44360
60734
42229
85069
85563
71713
82948
83935
69355
85110
37999
91146
46033
38702
35771
31011
48889
46750
44254
91029
47933
43327
36617
29237
85304
88319
58429
56709
30805
81828
40072
76156
37226
92079
68775
85149
66388
43948
44442
30592
41827
42558
93513
43989
62414
50025
70192
63117
59930
55426
73048
70909
68413
49652
72348
67742
61032
53652
44183
46942
82844
81124
55220
40451
64487
35035
61641
50702
92933
43772
90802
68107
68601
55007
66242
66973
52392
68148
86573
74440
29071
87532
84345
79841
31927
29532
92827
73811
30971
91900
85447
77811
68342
71357
41467
39747
79379
64866
88646
59194
85800
75117
51812
67931
49425
92521
92759
79166
90400
91131
76551
92562
45452
33063
53486
46155
43224
38464
56086
53947
51450
32690
55130
50523
44070
36434
92500
29980
65626
64162
38258
89281
47525
83609
44679
33996
76227
92345
73840
51400
51638
38045
49279
49754
35430
51185
69867
57478
77645
70570
67383
62879
80501
78106
75609
56849
79545
74938
68485
60849
51379
54395
90040
88321
62673
47904
71684
42232
69094
58155
34850
50968
32719
75559
75797
62204
73694
74169
59845
75344
28490
81893
36524
29193
91797
87038
39380
36985
34488
81264
38168
33561
92899
85008
75538
78810
48663
47200
86832
72319
30563
66391
93252
82570
59265
75383
56878
34438
34676
86363
32317
32792
84004
34223
52905
40516
60683
53608
50420
45661
63539
61400
58647
40143
62583
57976
51522
43887
34417
37433
73078
71615
45711
31198
54978
90805
52131
41449
83680
34262
81293
58853
59091
45242
56732
57207
42883
58382
77064
64931
85098
78023
74579
70076
87954
85559
83062
64302
86998
82391
75937
68302
58832
61848
31957
30238
70126
55357
79137
49428
76290
65608
42303
58421
40172
83012
83250
69401
80891
81622
67298
82797
35943
89090
43977
36646
33458
28699
46577
44438
41941
88717
45621
41014
34560
92460
82991
86007
56116
54653
28749
79772
38016
73843
35169
90022
66718
82836
64331
41891
42129
28280
39514
40245
91456
41676
60358
47969
68136
61061
57617
53114
70736
68597
66100
47596
70036
65429
58975
51339
41870
44630
80531
79068
53164
38395
62431
32722
59584
48645
90876
41459
88746
66050
66544
52695
63929
64660
50335
65835
84517
72384
92550
85476
82032
77529
29615
92755
90514
71755
28659
89588
83390
75754
66285
69045
39154
37691
77323
62554
86590
56881
83743
73060
49499
65618
47369
90464
90702
76854
88088
88819
74494
90249
43396
31007
51429
44099
40911
36152
53774
51634
49137
30634
52818
48211
42013
34377
90443
93203
63313
62106
36202
86969
45469
81296
42622
31939
73914
90032
71784
49343
49581
35733
46967
47442
33117
49128
67811
55422
75588
68514
65070
60567
78189
75793
73296
54793
77233
72626
66428
58792
49322
52082
87728
86265
60617
45592
69628
40175
67037
56098
32537
48655
30663
73502
73740
59892
71382
71857
57532
73287
91969
79837
34467
92672
89485
84726
37068
34672
32175
79208
35856
31249
90842
82951
73481
76497
46351
44888
84776
70007
28251
64334
91195
80513
56952
73070
54822
32381
32619
84051
30005
30480
81691
32166
50848
38460
58626
51551
48364
43349
61227
59087
56334
38087
60271
55664
49465
41830
32360
35120
70766
69303
43655
28886
52666
88749
50074
39392
81367
31949
79237
56796
57034
42930
54420
54895
40570
56325
75007
62875
83041
75966
72523
67764
85642
83246
80749
62246
84686
80079
73880
66245
56775
59535
29645
93461
68070
53045
76825
47372
74233
63551
39990
56108
38116
80955
81193
67089
78579
79310
64985
80740
33630
87034
41920
34589
31402
91922
44521
42125
39628
86661
43309
38702
32503
90403
80934
83950
53804
52340
92228
77460
35704
71787
32856
87966
64405
80523
62275
39834
40072
91503
37202
37933
89144
39619
58045
45657
66079
59004
55561
50801
68680
66540
63787
45540
67724
63117
56662
49282
39813
42573
78219
76755
51107
36083
60119
30666
57271
46589
88564
39402
86690
63993
64487
50382
61617
62348
48023
63778
82204
70072
90493
83419
79976
75216
93094
90698
88202
69699
92138
87532
81077
73697
64228
66988
37098
35378
75266
60242
84278
54825
81430
70748
47187
63561
45313
88152
88646
74541
85776
86763
72182
88193
41083
28695
49372
42042
38855
33839
51717
49577
47081
28578
50761
46155
39700
32320
88387
91146
61257
59793
34145
84657
43157
79240
40309
29627
71602
87976
69728
47031
47525
33420
44655
45386
30805
47072
65498
53110
73531
66457
63014
58254
76132
73736
71240
52737
75176
70570
64115
56735
47266
50025
85672
84208
58560
43280
67316
38119
64724
53786
30225
46599
28607
71190
71684
57835
69070
69801
55220
71231
89657
77525
32410
90615
87429
82669
35011
32615
30119
77152
33799
29193
88530
80894
71425
74440
44295
42831
82719
67695
91474
62278
88883
78201
54640
71014
52766
30069
30563
81994
93228
28424
79379
30110
48536
36148
56569
49238
46308
41292
59170
57030
54278
36031
58214
53608
47153
39517
30304
33063
68710
67246
41598
92109
50353
86693
47762
37080
79055
29893
77181
54484
54978
40873
52107
52839
38258
54269
72695
60563
80728
73653
70467
65707
83585
81189
78693
60190
82629
78023
71568
63932
54719
57478
93124
91404
66013
50732
74512
45316
71921
61239
37678
54052
36060
78643
79137
65032
76522
77254
62673
78428
31318
84722
39607
32276
29346
89865
42464
40068
37572
84605
41252
36646
30447
88091
78878
81893
51747
50283
90171
75147
33391
69731
30544
85654
62093
78467
60219
37522
38016
89447
35145
35877
86832
37307
55733
43345
63766
56691
53505
48744
66623
64483
61731
43484
65667
61061
54606
46970
37757
40516
76162
74698
49050
34026
57806
28610
54959
44277
86508
37346
84634
61681
62431
48326
59560
60292
45711
61466
79892
67760
88181
81106
77920
73159
91037
88642
86146
67643
90081
85476
79021
71385
62172
64931
35041
33321
73209
58185
81965
52769
79118
68436
45131
61505
43257
85840
86590
72485
83719
84707
70126
85881
38771
91918
47060
39729
36799
31782
49660
47521
45025
92057
48704
44099
37644
30008
86331
89090
59200
57736
31832
82600
40844
77184
37997
92850
69546
85920
67416
44719
45469
31364
42598
43330
28749
44760
63186
50797
71219
64144
60958
56197
73819
71680
69184
50680
73119
68514
62059
54423
45210
47969
83615
82151
56247
41223
65259
36063
62412
51473
28169
44543
91830
68878
69628
55779
67013
67745
53164
68919
87345
75212
30098
88559
85373
80612
32698
30559
93598
74839
31742
92672
86474
78582
69369
72384
42238
40774
80406
65638
89418
60222
86571
75888
52584
68702
50453
93292
28251
79938
91171
91903
77323
93333
46224
33835
54257
47182
44252
39235
56857
54974
52221
33718
55901
51551
45097
37205
93527
31007
66397
65189
39285
90052
48297
84637
45450
34767
76999
93116
74868
52171
52666
38817
50050
50526
36202
51956
70639
58250
78416
71597
68411
63650
81272
79133
76380
57877
80316
75966
69512
61620
52406
55422
90811
89348
63700
48675
72456
43260
69865
58926
35622
51739
33747
76330
76825
62976
74465
74941
60617
76115
29262
82665
37295
30220
92825
87809
40151
38012
35259
82292
38939
34589
28391
85779
76565
79837
49434
48227
87859
73090
31335
67419
28488
83341
60037
76154
57906
35209
35704
87391
33088
33564
84776
34994
53677
41288
61454
54635
51448
46688
64310
62427
59418
41171
63354
59004
52550
44658
35444
38460
73849
72642
46738
31969
55750
91833
52903
42220
84452
35033
82321
59624
60119
46270
57503
57979
43655
59153
77836
65703
85869
79050
75607
71103
88725
86586
83833
65330
87769
83419
76965
69073
59859
62875
32728
31265
70897
56128
79909
50456
77062
66379
43075
59192
41200
83783
84278
70429
81662
82394
68070
83568
36715
89861
44748
37673
34486
29726
47348
45465
42712
89745
46392
42042
35588
93231
84018
87034
56887
55680
29520
80543
38788
74871
35941
90793
67490
83607
65359
42662
43157
29308
40285
41017
92228
42447
61130
48740
68907
62088
58645
54141
71507
69624
66871
48624
70807
66457
60003
52110
42897
45657
81302
80095
53935
39166
63203
33750
60356
49416
91648
42230
89774
66821
67316
53723
64700
65432
51107
66606
85289
73155
93321
86503
83060
78556
30386
28247
91285
72783
29430
90615
84418
76525
67312
70072
39925
38718
78094
63325
87362
57909
84515
73831
50527
66389
48397
91235
91474
77882
88859
89591
75266
91020
44168
31778
52200
45126
41939
37179
54545
52662
49908
31662
53589
49238
43041
35148
91470
28695
64084
63133
36973
87740
46241
82324
43394
32710
74942
90803
72812
50114
50353
36761
47738
48214
34145
49899
68583
56193
76359
69541
66098
61594
78960
76821
74067
55821
78004
73653
67456
59563
50349
53110
88499
87292
61388
46363
70400
40947
67809
56869
33565
49426
31691
74273
74512
60920
72153
72629
58560
74058
92741
80608
35238
28164
90512
85753
37839
35700
32946
80236
36627
32276
91870
83722
74508
77525
47122
45915
85547
70778
29279
65106
91967
81284
57980
73841
55850
33152
33391
85079
30776
31252
82719
32937
51620
39231
59397
52579
49391
44376
61998
60115
57105
39115
61042
56691
50493
42601
33387
36148
71537
70330
44426
29657
53694
89521
50846
40163
82395
32720
80265
57567
57806
43958
55191
55667
41598
57096
75779
63646
83812
76994
73550
68791
86413
84274
81520
63274
85457
81106
74908
67016
57802
60563
30416
28953
68841
53816
77853
48144
75005
64322
41018
56879
39144
81726
81965
68117
79350
80082
66013
81511
34658
87805
42691
35617
32429
92949
45292
43153
40399
87689
44080
39729
33531
91174
81961
84722
54575
53368
92999
78231
36732
72559
33628
88737
65433
81294
63303
40605
40844
92531
37973
38705
90171
40390
59073
46428
66850
60032
56588
51828
69451
67568
64558
46568
68495
64144
57690
50053
40840
43345
78990
77783
51878
36854
61147
31438
58043
47360
89592
40173
87718
64764
65259
51410
62388
63120
49050
64549
83232
70843
91264
84447
81003
76243
28330
91726
88973
70727
92909
88559
82105
74468
65255
67760
37869
36406
76037
61013
85306
55597
82202
71775
48215
64332
46341
88923
89418
75569
86547
87535
73209
88964
42111
29466
50143
43070
39882
34866
52489
50605
47852
29606
51532
47182
40728
33091
89414
91918
62028
60821
34916
85428
44185
80012
41081
30654
72630
88747
70756
47802
48297
34448
45426
46158
31832
47843
66526
53881
74302
67485
64041
59281
76904
74764
72011
53765
75947
71597
65143
57506
48293
50797
86443
84980
59331
44051
68344
38891
65496
54813
31253
47370
29635
71961
72456
58863
69841
70573
56247
72002
90684
78296
33181
91643
88456
83696
35783
33643
30890
78180
34570
30220
89558
81665
72452
75212
45066
43603
83490
68466
92502
63050
89655
79228
55668
71785
53794
30840
31335
83022
28464
29196
80406
30881
49563
36919
57340
50266
47335
42319
59942
58058
55049
37059
58985
54635
48181
40544
31331
33835
69481
68018
42369
92880
51381
87465
48534
38107
80083
30664
78209
55255
55750
41901
52879
53611
39285
55040
73722
61334
81499
74681
71494
66734
84357
82217
79464
61218
83400
79050
72596
64959
55746
58250
28360
92176
66784
51503
75540
46088
72693
62266
38706
54823
37088
79414
79909
66060
77294
78026
63700
79455
32345
85493
40378
33304
30373
90892
43236
41096
38343
85633
42023
37673
31219
89118
79905
82665
52519
51055
90942
75918
34419
70503
31316
86681
63121
79238
61247
38293
38788
90474
35917
36649
87859
38334
56760
44116
64537
57719
54532
49771
67395
65511
62502
44512
66438
62088
55378
47997
38784
41288
76934
75470
49821
34797
58834
29382
55731
45304
87536
38117
85662
62452
63203
49353
60332
61064
46738
62493
80919
68531
88952
82134
78947
74186
91809
89670
86917
68671
90852
86503
79793
72412
63199
65703
35813
34093
73980
58956
82993
53541
79890
69463
46159
62276
44285
86611
87362
73512
84491
85479
70897
86908
39798
92689
47831
40757
37826
32809
50432
48549
45796
93085
49475
45126
38416
31035
87358
89861
59972
58508
32603
83371
41872
77956
38769
28342
70574
86691
68444
45490
46241
32391
43370
44102
29520
45787
64213
51568
71990
65172
61985
57224
74847
72708
69955
51708
73890
69541
62831
55450
46237
48740
84387
82923
57018
41994
66287
36835
63184
52501
29197
45314
92858
69649
70400
56806
67785
68517
53935
69946
88372
75983
30869
89331
86400
81639
33726
31587
28834
75867
32513
28164
87246
79609
70396
73155
43010
41546
81177
66409
90445
60994
87343
76916
53612
69729
51481
28528
29279
80965
91943
92675
78094
28825
47251
34606
55028
47954
45279
40262
57885
56002
52993
34746
56928
52579
45869
38232
29019
31778
67425
65961
40056
90823
49324
85409
46222
35795
78027
28608
75896
52943
53694
39844
50822
51554
36973
52984
71410
59021
79187
72369
69438
64677
82300
80161
77408
58905
81343
76994
70284
62647
53434
56193
91839
90119
64471
49446
73483
44032
70637
59954
36650
52767
34775
77102
77853
64003
75237
75969
61388
77143
30033
83436
38066
30992
28317
88836
41179
39040
36287
83320
39966
35617
29163
86806
77593
80608
50462
48998
88630
73861
32362
68447
29260
84369
61065
77182
58934
35981
36732
88418
33860
34592
85547
36022
54448
42059
62225
55407
52476
47715
65338
63455
60446
42199
64381
60032
53322
45685
36472
39231
74877
73413
47509
32740
56777
92861
53675
43248
85480
36061
83349
60396
61147
47297
58275
59007
44426
60181
78607
66474
86640
79822
76635
72130
89753
87614
84861
66358
88796
84447
77737
70100
60887
63646
33756
32036
71668
56899
80936
51484
77834
67407
44103
60220
41972
84555
85306
71456
82434
83422
68841
84596
37486
90632
45519
38445
35514
30753
48376
46493
43740
90772
47419
43070
36360
28723
85046
87805
57915
56451
30291
81314
39815
75899
36713
91821
68518
84635
66131
43434
44185
30335
41313
42045
92999
43475
61901
49511
69678
62860
59673
55168
72535
70652
67899
49395
71834
67485
60775
53138
43925
46428
82330
80866
54706
39937
64230
34778
61128
50444
92676
43258
90545
67593
68344
54750
65728
66460
51878
67634
86060
73926
28557
87275
84088
79583
31414
29275
92313
73554
30457
91643
85190
77297
68084
70843
40953
39489
78865
64352
